-913217959
-1631134219
-1096528070
1641656101
-1624941644
1858312253
-135282838
-295269077
-2018956994
148374241
131626021
-1605212855
1629435588
1890229823
435841368
930759737
-1975767817
-2045549592
1217754320
301930194
-1041920879
-1255123503
1436959287
778670500
-776010814
-2131903147
1806528043
1620034059
1429840339
-1239459824
2050250453
-2063774906
-1134731417
-2081382571
1297573905
730324740
711700250
586699692
295819034
-1637750829
-1429568332
-256814620
-291058131
1354476833
-668702021
1062468386
-685992373
436181316
-458965445
798586673
-674572287
1694325903
-2104047851
-835789421
1106526674
1565557205
1589594752
-937730585
75604403
1928077818
-491446322
593122620
639219331
1374874875
-1336947069
-1116768472
-363275515
1342271031
-781288315
-536792257
1255408821
-1452400248
-518155329
753079101
-1415883085
133658350
-732281896
-1400743357
-197806317
2142375799
-521866806
-1778093935
1196376576
-378104148
213808707
-1854596361
-1957307572
-1027929993
912240756
-410528506
2078800214
-1008140552
-659772112
-1068560669
568768219
-913078773
-1188968154
-1557475098
-533510070
728403662
1655071114
1176011284
-1934717677
-12290383
672698217
-949245390
894836980
2130533224
-339789980
915134300
-1847499101
1527290259
-1823634591
782100186
1458823616
41362365
-1222966287
-2140320235
-1652776169
575245137
-102227242
-200690947
90482340
-875044282
600669698
1567210617
-1244775953
643419245
-1314553302
-431747067
74056995
-1526005656
826420139
1887325107
1642116992
1976782827
1426800029
2014112716
-1518057212
-712602453
-2097746574
1659190000
49791992
107192048
1819553130
78531297
-1577073227
263056174
790725748
1146369904
562536512
-1900957753
-1620379948
-1273101257
1021876727
-214776691
167534175
1749473156
-1157876942
-639269542
648346287
-350939636
245790952
1867233840
-685454107
-2098797870
2092409256
-1246768334
-1119581712
2106986088
1897276828
38094753
-466644903
1241207312
118684477
1310341058
-1467233296
-1187092704
631159380
1958052535
990133281
1900028513
423833552
-197047782
1630236656
2035672911
1571131511
-915574962
-1621572246
1607809446
2069292310
1286291772
-2074052359
642837161
185476753
1956587089
1957525050
702099380
-617722837
1206021652
-533720398
-213916394
-1099773401
-1068430984
-558585201
872179806
-99885207
-395144443
-1514999605
1292822367
-851835972
1680013751
-1528404799
1865582964
-1505284855
-991989219
-1183211463
-1952832848
-1048300190
1910109314
2031215572
1248141948
-1663800539
-620537577
1782637433
-1084586545
-2098702670
-1397953913
860471376
632264279
-245342569
-911733442
-532179480
-269951758
-179874781
2110195904
1855702120
383358532
1612562267
-707138842
-160655709
98650097
-747689189
-1736087080
1347909455
-665066339
144353813
-119609134
-750905500
1648697405
-1447206660
1899076797
-1461687908
-1785548813
-783227969
1835771800
1882540078
-1833840306
-1081604434
889279282
-899446701
1731454698
-725872108
1418951918
-390207971
-272434192
48387459
-531507576
-1210059101
-1602702115
1504818954
1955000004
-430634949
369016478
238767203
-990953087
-558434119
280333378
-239107602
-125678989
-706956023
-140607294
-286682695
2071321074
-2082534511
927697484
-990710171
-1369742309
504316927
-747006513
-2000641820
1738482176
-2027953363
-1326036403
2045205406
25076336
405310943
-1015135320
-390075451
923503220
462208655
-450015220
1030299665
-699919435
1914363620
-2146805805
-1859980893
-1308507496
920007356
-1401864586
-1356526620
-1687888245
1316344887
578889270
130384136
-914076655
-744776556
245715402
-542945074
-489518455
1201251072
1946757293
903547405
-1743933184
1661589585
1637246951
1342468521
1403270527
1709760715
1720373682
460883601
1869775296
-768143737
2003022050
-1831693182
-1398746008
892831138
-84437730
1290742459
1755866011
-2008146610
1752120565
-1602116476
1030843536
-1510243323
67355794
-556876458
1679764708
1011987888
1742143404
-1063272705
1965847156
1747609407
1626019152
154203212
-1986759556
-1982941326
1826637305
1357898488
-1173220858
-1070268246
1396930732
-691112159
1131368787
150768768
2133176352
-1859975639
1177945552
1044638850
-1664953030
20123918
847060534
-1153499192
1623854473
-2145878637
-2061316314
-944793983
546444078
-1651312489
-1674991073
1137469461
1421517271
654985090
-2060364283
348246994
-1600910636
-440352563
1598259772
-303889430
-90311625
-13231385
-562724068
-867746634
-1555548854
1540426014
-1162609116
-647313669
-1828674529
750061710
-2132604812
704786566
-1054286205
-1920460816
-1685311589
-1585140953
-1327422047
-1720593049
-630972242
-754925781
-268610177
-1054955849
1948511543
310174761
-317954876
377805116
2145137812
-1956870862
456943922
-1461831406
-1831191462
-381856953
1329851901
-1801887848
1178649308
-263448731
-1335546884
-250114344
159141110
1025662369
-820599190
-1307947177
1981076080
-361318307
1226140659
-1314813231
1431842945
929559719
-1572881305
-447422734
-852894279
-170706517
-692077847
-125599218
-1569008572
1152379234
-1618578081
496969547
-1721375896
-1825154173
-1348896954
1355077028
-829678460
1811622124
-537729478
-1397139814
-1666681962
-1285340980
-573706522
-1339915595
-360631673
-1491649838
-739037945
329086031
1844695177
-1534423015
391217812
-1375149833
1764838139
-62547038
1342383630
-1699047263
-986725904
2091140467
1907711131
131985753
-1621993601
-2010209222
437569383
100637381
-1933703972
-784964483
1724596612
900049413
855372381
268838743
-1769681035
-1045415578
-2122801377
1549354303
-235714566
-141470022
921164617
312147732
2110821867
-1721296694
-1624378926
890381715
-1195675604
1877356830
260997509
523032980
-811374928
-1181333058
1136926742
-1613562024
-1573258776
2054071730
589242862
-194577108
-1422473923
171758934
-1023965070
-1444088732
1197125284
-216108080
-1118335649
1620522497
-1655821735
1040938872
-430027144
-687773784
-844010408
494316117
1994707677
-1543356822
1101720941
-1387186481
1811612822
1508239474
959734074
302155689
1543089745
712163556
813741895
-813845876
537337907
-1818094527
1088083279
-1471915385
550672596
1106122275
-1874501230
2115340399
148042328
-99891203
-2017009359
-1188917502
-972241520
610546214
-699995788
-556286961
1814920825
-62655920
1000962257
-2041661960
-726781978
1245665930
1364883624
-74941560
104810517
3151301
-1793316182
2015262827
-2054795684
-1692375560
936788804
-396140880
-85942536
2058903512
-307561476
-618830637
-1432557668
1315687851
-404614861
12044676
-41594741
610854401
967899178
-946744563
-78046754
-2145985023
1785533973
-462651161
632110830
1631474137
1342972135
122647673
-2132136788
2079940131
-901536582
-1500680887
228831188
-1281298438
1769959809
-706677487
359751145
-1231343428
106660526
-1039050819
-1574698341
-2089667061
691466360
-408223938
177129912
-1270015480
-1052689665
1808147353
-1959501608
625185740
1283021833
-1479712659
34799466
2144096986
67559019
1812269588
1310427091
-1148905744
-1196649670
1775912912
-591151178
1779394846
893770778
1075318028
711403575
-263960285
2143770606
-1344882104
128862574
-364084410
1954081664
-1483584839
-1694334887
1836181482
-97769533
-1623819804
-2083692102
-1910140689
-376328048
-2128532205
-276616278
1277988812
-1793542700
-871129045
-2132577953
-719581806
-830071412
-877394478
-1757203664
-679993007
-1496991684
1477050562
27918223
1706267472
-990189863
1927018067
402333969
-785696010
-1897460354
-1560017256
2129017918
1665044535
81185663
-41884961
803092020
-237541463
240285512
-1826843058
535716063
412545287
-294411686
431479869
1961058485
-1628760276
1570776429
11863733
-901095775
-67857218
25649696
-883331432
-451844780
767292955
-1539001013
-1372811367
-1562107542
382055627
1066919152
-36382
-79848409
750463777
-269384041
-1492631016
616914176
-482998354
-580891077
-1691189485
2073598475
354996314
581611230
403174186
-1531544212
1188083810
-920442377
719450039
-1504426492
-590304667
918060801
-1206935737
915450736
-1446061030
-1647938851
-1474029282
-1069027874
1979560428
-1181043203
-1134417602
143275806
1341699999
1837484149
313825127
504833727
-1663435348
-418851782
-1457739622
-581232236
1907958005
821130677
-1822290511
1277406920
-110886359
-2074333828
-1520663078
858909559
1047726732
963227444
2016233451
-1265182035
-846849580
1283825676
2111337820
-1290527444
-559242048
1770080383
-1866714453
-1953388220
-567450599
-1469889803
-384813028
-692519802
-521883212
-2083118011
-1512742245
-840801340
-1144282950
1200296951
1122352613
-1024206484
-1727239443
1341477693
-267356351
848448125
-1645462469
815048545
745548090
1775818934
-158489672
506693856
-756406891
201485553
347923375
247143610
326786917
1338681845
-221838276
488916399
717467995
-1197235750
1840668723
1334584111
-379051004
-1803466344
1460506856
-258287311
-388801986
399034786
-1876332356
-1386675878
-424056454
-1932808721
-812324963
-937538276
1175988474
-721039233
361723757
1261929187
-1904641220
947165748
832197544
1827063115
-806959315
-1828690980
-1813867196
-517706398
-1454181149
-1504248447
562517924
-161441400
388499404
1116873662
-1684340077
-269340902
-1615933401
33668075
1391412198
-2096391458
-253613340
-92478088
417159505
-1186038659
-93965727
-1365408148
-1797937041
-409115359
-1542687830
1771374126
1392495427
-616236766
-1871417263
-552760888
1314114716
-2115558554
-1998557021
-740986404
397886158
-1117547891
-699845538
297217943
1448509362
1288126102
20259221
-1272480515
2055134948
-51437121
-1054106814
-130257755
-1138155727
-1694186871
1240732662
160289250
-164017129
755906148
832083128
376240195
-1114008312
-2087422611
1241007362
-1417577152
2000739139
-1035504926
2079522063
1989263580
1674871163
1410134265
1491555104
-506982402
1131488749
-501647024
1294939494
924795707
-1364541860
62948981
-586693418
1075728612
1341500136
861917008
1869884746
-1540418763
-1470933305
123295263
200478140
1330104455
-1282951873
-1825445761
-633244621
-964668418
-652056131
1828628324
-1452721958
673810393
-349494748
1822378559
1846664727
-629315203
-568876359
335307216
23344420
1569651062
183542389
-389175293
1566391076
-838451210
2040490651
337465066
1439447849
1494292245
-625971250
720224620
-244348963
-966469456
329439878
-93934501
563953241
1180897828
114694824
542723945
-2061925481
325605148
-1242144734
-1557754596
1174385459
237896717
-1105792257
-1879299477
-332284230
1740551858
1959113184
-711607141
258948142
1878549064
-1997862042
897781513
817581420
-5125426
-1831858130
244363702
883145818
-2009141477
1170945961
-2013422259
-1727917141
-1296615699
247641119
876340646
-937513061
1117514839
1081156116
481199587
-1506328863
-927678901
1487526050
1268142427
1981629939
461827120
-639316313
812305215
-1638427218
258883285
-511359979
1508992308
1960323213
348460686
265222994
1362139003
433848295
-781454334
1908849247
-1107230924
1370273095
-126810345
206617215
201942828
-1404483460
-546882374
-117202325
1700729057
-1097640734
-1950852584
-887158415
286806320
1977101806
103946256
-348718926
-670285749
363279612
1504001284
1788869387
863389871
1970263421
-819373880
-1014178475
1566824883
-1510841246
-1109768398
207607478
-41017257
-498315210
680527991
-1563452892
-879984892
219299258
770140935
-1275498478
239528399
1623040486
-751381642
-1811313357
549145684
-855593844
-1286893967
-2018909830
-1726156306
-404611668
-1020553281
-1439217975
1337038515
-1778644832
-916909716
-544874635
1498973159
846021920
38461758
854659154
1021978364
1662704379
376243944
531024507
-454822231
-1541012553
-1260758624
904012338
1992655350
62218226
-1131738535
709280064
-382986143
1103977759
-490282692
-1503184688
827144661
262602929
-1768017370
-1888747170
-187007764
1786275706
1331814717
180681132
2102741502
756105955
-1004426756
-1240005610
316825549
-674043217
1774004187
1936285606
-851429926
-1509024160
-1627098769
-849905345
1537009962
1806752307
430390704
-1739518918
1636789174
-238992815
-1735922149
-51166062
-44278046
1492026644
848562405
886463338
1647169040
-757556338
2129622509
948702710
400552756
465717096
-1408565649
-911514882
282286919
721298725
-1254077782
684939077
207085610
1490683754
-1973108425
743999964
-1396050690
-1956578961
1401134918
1489026606
47137132
-574891056
754721532
1812846572
464568549
-1527642606
-1808045690
-1447390542
158185927
-551544456
-1593961521
470485926
-1372672651
-1216516520
-910171136
-530992707
1204127946
-754629589
563515527
1476771980
36864574
1680984176
1216575209
1335218904
1831089965
1277492145
164772245
1249259934
87577454
-105447844
1987349775
-1792003136
301532967
-127351784
-1131316821
464813492
-725587543
-480329080
-1048585733
1761668443
-1644126250
133490429
-1482454048
-1288973212
786938635
1451167287
-325842556
426129129
822830526
17429021
1274549202
1019175424
-18383784
-1713472015
145965715
-1249990229
-1275950030
1273896377
-861747321
-484706461
-912770664
424468228
890550800
1832122151
-1992021556
-728556692
-1145609834
-357823708
-451031772
753998997
-340725917
-118440152
564394339
681777225
-1719707067
1837972565
-2096487564
-488320838
-553504155
1349405021
379162237
60262994
-1418073979
-1743383484
1366107821
1705107210
1947228455
-1606647768
-243959993
-1822375228
-1085254903
-657085362
-811711364
-1274736055
364455330
861101754
-73168002
-931959699
209808846
375113968
-711834380
902820049
24848971
94891800
-1815697074
-1398180971
496760645
-2115271869
603848188
1602480937
-740781516
1709816474
1726658083
428695220
1352747843
-498710347
1689415937
1306451284
1176318071
289401400
1947520545
1902494297
1199455219
1337231051
1282931879
-157892718
-799251813
-191815482
-1379516033
1538606257
195946953
-1162657890
2058004741
-1635469638
526529382
869329880
241085934
-1020783714
504997291
-1763723870
2109680725
-217670774
1613762937
-1598861888
-104358519
-2037581943
2064229621
-1548719676
1497708547
544560978
-126879998
1495728670
-583796629
465630360
-1669035694
-1074394717
-1765099303
1080357610
619946065
-1530902775
-1127899820
1519588551
-256119812
-265655142
-1826095023
1796432942
1123622642
2138730677
784857026
254032993
-1471156447
-1501472430
-948385107
-1984889605
526807333
2022185485
181273921
328783965
-285523772
-2073509278
2006577768
-1350629992
1212071410
205720810
1388849531
-1669362351
1514989830
1757098369
-1384652091
-1871978012
-715579640
-591143587
-1277664604
1981992268
-480347791
1110741730
-935120285
2040466113
-601399590
-979966922
-1246882244
1156050175
-2041605902
-1902527341
-1666644639
-212044707
125021426
-1298339271
322822639
850983826
-1602290943
646362197
-934075200
-168452909
-1956773085
410680474
1106091226
1556009372
-742187069
1532843985
1849504905
1897586183
913147252
760541983
-1683181914
512347328
-441965499
-969846833
-1494946863
-828631972
1982199455
1620225024
1249447392
440993235
-197789421
1907377099
1069483306
-116579127
1356517140
-420790234
932614602
-1891148440
1551311269
391290536
-692518238
589479373
1169527309
-171239613
-2081367863
-1591375964
2037284481
-984292342
-866810937
1307675971
791950628
1418526528
211889518
542954649
1582221152
-1494074421
1880222699
273040921
1511147227
-1390021521
1653528184
-1710795651
-1665271128
1511825460
822282134
-266520780
-263898463
166624231
1811217835
828318515
-901635718
829677568
1659951712
1164140132
1396193301
1080339058
1727057352
1376321506
1848349405
-1187439492
-195305874
-1272379302
-161377949
1516705120
2125595937
-270272082
1126412316
1837898846
237846750
1508606846
82062958
11705174
1379816507
2110591477
-181804922
2039525034
-2115558171
-1367635427
-59420778
1094585723
-1537707970
-202976604
-583230755
-1563917356
368789443
-232988115
3894187
-939641323
-2109125245
2126312375
-547938448
-1454541366
-761920296
191606544
-438555494
1034659923
1186396042
-625973210
508590507
1345673150
349392886
448147042
1984360197
-1888490690
-17217527
2050227566
-1457606620
593860829
1107160955
-336776068
-173736189
-1395108953
1517874988
-49718535
-1835750634
1615658237
-1286607204
-1111780049
-733296497
-1212068121
312859669
-1209077999
-1109289712
731127436
1884157810
-1533954384
1304168840
634028030
-507681978
-717518032
-1413745617
2078282860
-409677422
1595556589
2118551272
667625251
-1909106475
988231960
509085468
2051140364
425864516
90251986
1066465983
720525981
-1078258946
-1734086637
-1138825238
641121529
1368428354
867039434
1063891893
401492423
254508280
-83100752
-1924109302
-388152040
-1438495877
-645885756
-1915359187
2069244293
767141242
-2112614872
-21105576
125691341
465075680
824692549
-1822374508
967172922
1454324242
492869707
-1945006010
-243704777
-65226259
1635373062
-1746585689
463275979
2065529166
657344227
1743218166
-371568055
-713686966
-401254684
-2050370054
1663170742
1414208597
500780462
-2025441227
-1392577570
870037575
1629170706
644502388
1934069297
-85197497
1172071634
-1678608466
-1790350584
-912514080
706305245
-1844056390
-1293624648
-1370280807
3548798
-1202792976
129252085
720849285
-2035331365
1245150582
-1571729971
-1058662976
-1175455605
-1426251674
597816155
1490090304
1332735529
-1280521323
-1244618519
-985246914
-984025451
1352930223
-995826263
-1488706383
1718790931
-989374945
1853154987
615687881
-137003520
-1065609179
-345683586
-1512147301
1784257835
1365784908
-1174172514
-128843875
-311454150
1621299480
6887253
-1162539212
-623018000
311572642
-1527613451
427604411
1840122532
-1497899580
-1607497821
-1635649283
242120895
1007720998
1730826693
-306266243
-1323098324
1457029580
-1458688508
-712246424
-1840219935
960102618
1729697583
-2096262400
732501326
590805085
1615728570
1093103197
1358654753
-2092081467
-1328950346
-404257205
-379030317
-975758040
1155654785
-732440619
1185203530
1409851586
-599208020
-918336789
-333181823
1648365789
1168636844
690641719
1289262571
524993524
1032318718
1546108037
330625435
-1995396304
981561321
-266536136
-1830123673
-1604189968
-1521088520
1262282410
935806993
786900805
1930285864
330707962
68540991
-71664418
-1754811502
-1342248208
557513225
1122337905
-1145873275
521899828
-2138564541
1792492622
931509392
134286085
352315676
-174944184
1283103576
2052155545
-1300710950
-669524271
-461483975
1369314711
2047627058
-2030804776
-297511547
741940526
-647167670
308682286
246960767
-829572629
1491252354
398156349
-1917018767
-857320622
-2112417656
-132437470
-359923492
1921712003
1765063286
-201476355
231370363
-1306075754
2051025421
-724171310
177928041
-1490270952
361651797
-787880634
1113112698
603585709
-1028700018
307851282
2091076504
-2090637249
-1017783440
778889879
-1411497984
-123134875
1318301276
-186068761
-1748302435
-1040107167
1305162034
1125870630
195228442
-1708777425
1387588822
-426940313
-1898016266
-1356151986
-1732127809
650635804
185557893
-357446133
-1657558912
887852106
-2046852838
-1969023014
-73392922
-1988960995
1987419248
-1650879441
-1214468288
1788185324
464349473
344284309
-834752185
-1427697224
353657428
-1647530309
-1322616835
1874189765
2103833813
488834692
489012818
-779047361
-1625699102
-847345870
-969127472
706786696
-1461039293
-2135871768
-97762476
-1585258659
-1528705113
132033170
-1007170807
94068603
-439454283
-586033498
-1346196083
723976177
240830932
-499995708
1534107503
-1939538593
-881850095
563922788
-445159945
2121371800
-691286630
-337238306
-1791895830
430696483
1223554865
636770402
-2018107951
-963063661
2085849517
399910056
1964568632
-1950567627
-1309598898
-1822733956
2123083813
835280939
-1032494237
-1427259569
-1937285108
-1061052586
-1705401996
803057339
-319064006
-1002124081
405865907
788517214
141007502
-36712392
1720595865
-2119922219
-2028047622
832962309
318928579
-1668232585
640273058
-1570228063
-405404546
-424815827
-1783198125
-709395687
749802011
-1858064207
-2129481883
-910863439
-1086108597
1442472813
1686629283
-11720699
-896649057
-1050850688
2082492358
69783383
-1983520028
-753368863
722040302
-1712675617
509473396
2017758780
-1726175466
492249762
936211196
-1654220280
-66585342
-158027023
1579922396
-1011454142
130577554
645143647
-77540105
-1914598707
1389384535
386004934
905931801
753061059
824902738
1855240556
-1782823885
-1859307174
-1125285553
-1809338736
-973405466
2042038296
23056413
2019102795
-1089581087
117330228
742134519
-1117311956
-1065958346
1705609391
1339666277
-518445738
1117254456
1736934866
-1391965596
1506271223
-1111640239
-528113487
-1666259789
-1054205570
938429666
-995546081
675686088
-1054182587
-487071210
1479022904
468363481
-392111297
2024411534
1815300945
578743164
973254355
1438232375
-88063797
-1625127445
1100740562
1916284363
-1390561022
43508040
1696574995
842183837
-492520053
-795705355
1472963313
1772683182
-1988305834
97056108
2101296255
-269633246
-1179144377
-415653769
-1967756790
2133546702
-1461444301
1488450649
1103115565
-629339694
-349856735
959140239
215785396
-888612112
-1433983053
-1597766545
-2121784881
-122798034
-126808668
-2070871649
-1054185238
-198061075
-1284619115
-489744062
-1604531882
1354105082
-2024576708
1191189734
-1446837099
-378468329
1554464070
-2049110889
-1952835807
488405386
-1378945192
366623120
-825655659
-188383164
-1870879863
524124155
-1082937888
995004665
1157833739
439780005
1851880404
713388293
-1908261986
1744279680
774807726
-1053508037
736691160
-1962444561
-2084970496
451216087
1369275774
-559490424
122328149
-359966601
350102797
1152579779
-230299106
-769790628
1715005878
1119518187
-1381774957
965060956
2028196791
-1611441074
-2089812340
187063085
-229119096
-1943151225
-990134047
1433756393
-1693151949
-395309465
-1925495145
328046466
774313021
128528761
-1567280277
-2061659810
1239055748
1785103789
1358193492
2044757108
646243304
2008408299
328781402
1576390102
1990983479
1490486750
-1067046444
1986623995
680958759
-930482353
-790637309
-743028468
397661107
1381638566
-2098860153
556677429
381028305
1216292392
1452499780
-536160369
422270700
-1338612578
1936912118
-1344011420
1785225412
126163901
1061269025
-996686867
-1331414739
-703352878
-1132260421
1979348290
904449156
1276493078
-1882649125
2019614234
-1163686991
1785581727
-45213994
1073353103
1000388328
-901987527
915657395
-665455630
920531090
1567227973
730479079
-785598109
2078808188
-319804689
-314954582
-1093332837
1170508149
-196175882
1257787953
1943420542
624563536
1381079886
-1397713312
-1162762303
-1941677833
-2144130582
-1338485146
-1301799839
1573646641
1197435939
-880491475
-568351754
-1510813866
-1281063251
1060777463
-1878309297
1644755675
-1987934153
1375831073
-1570914322
1864475993
1959659023
-1704170291
2099452877
-1707936881
1515523183
1357323120
345494826
-1532796146
1267636170
245027728
-480623507
2114428731
-256626995
-7684306
-799087092
551198580
-499563614
713768807
-410186844
158231286
1145976949
1854724878
-1447448803
1911341222
28410628
929448275
-1378864125
-692192314
-1928854802
1744869715
1315806515
-1921326015
1016645943
-1263444478
